# Recording of the original client: colour tables, perlin and blend colours, trig tables and atan2 ties, water noise, camera and skybox view matrices.
# Format: name len fnv64 [samples] (recorded_golden.rs).
colour_rgb_table 65536 a866f4cbb3dcc7a5 3091499 8814459 12894907 16251127 6122322 9680784 14214620 2703674 6791330 11585496 16448253 5194626 11369937 15652592 5579335 12537464
colour_bgr_table 65536 533b63aac2032a19 2829359 8093574 12305092 16251127 5401437 9484179 14476760 3817769 10657895 14206896 16644858 8536911 13729197 15783662 4661845 7884479
colour_hsv_table 65536 21a3126eca8f41e9 -13816789 -8356485 -4145481 -657428 -11051438 -7363442 -4137271 -14076366 -9992826 -6835516 -4075781 -11975835 -7245399 -2254877 -12705226 -7647644
colour_saturation_renormalise 65536 903eccf09e3ca925 11 4144 8277 12410 16546 20683 24683 28945 -32321 -28447 -24451 -19922 -15908 -12173 -7527 -3375
colour_hslToRgb 16305 e1985a7d52e747c5 35725 34617 37414 21312 38334 53914 38870 50612 16962 48719 17884 9011 55994 8779 54224 8419
colour_hsl24to16 165464 1e2ba30106c6b5fd 16 3175 7743 12053 16493 20803 24091 27762 32841 37151 41080 45006 49317 53372 58068 62378
perlin 40000 bb14319ebb18e669 21 26 43 51 29 48 33 33 36 31 35 42 39 26 17 35
blendColours 22100 c6ced5a3c645469a 136 12701 16232 12252 46896 39520 25525 17849 29460 37777 46782 48738 51050 25952 50888 39080
trig_sin 16384 ea90f0c38d2d75d5 69 6547 11956 15413 16353 14623 10505 4671 -1924 -8206 -13148 -15943 -16135 -13692 -9013 -2862
trig_cos 16384 5d5df8cf5a597b35 16383 15018 11201 5555 -998 -7388 -12572 -15703 -16270 -14180 -9775 -3773 2844 8997 13681 16131
trig_radians 16384 c5269c7916006ff9 998914790 1053981849 1062299683 1067239677 1070652904 1073903978 1075610591 1077317205 1079023819 1080730432 1082283739 1083137046 1083990353 1084843660 1085696966 1086550273
trig_atan2_grid 10406 e8cb3b7ddf8ca4ad 10502 13740 11939 9987 14676 12163 8995 16058 1409 7348 955 3165 5893 1753 3345 5103
trig_atan2_ties 144 557704008f2b7e84 -1791620 1334804517 16381 -3862751 1831358848 16379 -5301343 1626318159 16376 -4780153 1312067994 16375 -8015843 1990662462 16374 -4586509 1039972044 16373 -3774651 635009264 16369 -4838817 647048093 16365 -14794459 1881812509 16364 -12871533 1561068800 16363 -9672196 1120912889 16362 -12226755 1301284979 16360 -5147061 526314532 16359 -7120478 651458967 16356 -15396788 1360910787 16355 -9127855 780349503 16354 -15112335 1176258953 16351 -4029085 287822851 16348 -16810148 1138464045 16346 -12191530 804762937 16345 -1792522 115402341 16344 -4807133 294916330 16342 -12282784 736219539 16341 -24148793 1383821340 16339 -14625219 820055900 16338 -19721433 1082522395 16337 -17435721 900190247 16334 -14392175 728622873 16333 -9893237 482129558 16331 -11918990 570190241 16330 -13841188 650211833 16329 -13653517 630040093 16328 -9954326 443632337 16326 -32160410 1409189179 16325 -35816807 1518347875 16323 -16199206 665080499 16321 -18940757 765577397 16320 -21254372 833244657 16318 -26721501 1032048551 16317 -9205774 340412443 16314 -21498259 762501997 16311 -15676121 541265495 16309 -17443993 564874665 16304 -20659945 652785264 16302 -17771147 548209763 16300 -18355737 559615978 16299 -19306180 581782929 16298 -18260198 543969379 16297
water_perm 512 7c9e1d028784ed55 18 98 127 172 111 60 245 126 136 207 109 234 202 87 73 1
water_slice 16384 1fddb7b6bd62bf11 1113255316 1110674269 -1050484526 -1050299652 1115194367 -1063254876 -1037016782 -1047952606 1107690645 -1041388772 -1051908223 -1047196323 1096957370 1090619779 1104979310 1112502715
water_heights 262144 54c5fc6d8cd315a5 -117 127 95 -101 127 97 120 99 90 121 -83 -122 -99 -128 127 92
water_normals 1048576 82cf534ee2539f73 102 132 254 130 131 127 253 127 102 126 254 127 126 119 254 108
matrix_camera 600 e4d3e1f5248a3407 -909548032 -1098820327 1064732839 -1091296390 -920723765 -920381597 1045659879 -1109279698 0 1241337588 1063495620 1057058173 1057703452 -1084139275 -927068912 -1095895235
matrix_skybox 600 46ff72fe0d663db6 0 -1098820327 1064732839 -1091296390 0 0 1045659879 -1109279698 0 0 1063495620 1057058173 1057703452 -1084139275 0 -1095895235
matrix_axes 192 d08310cb8205c3ed 1063447060 1049810880 -1095102213 -1099819243 1064603887 1043698000 1053543167 -1114510391 1063920440 1124434208 -1038690736 1132821662 1027000840 1064722569 1049176883 -1085597748 -1107038253 1058558425 1058762314 -1099639652 1061289120 1128705493 -1033106024 1129977781 -1096818849 -1085743480 1057561301 1059427455 -1089034237 -1091019074 1060249770 1044880316 1060173532 1128291828 1115201831 1130288034 -1088439188 1040989808 1061483619 -1108920827 -1082298330 1034774660 1061549003 -1123328750 1059199107 1130608056 1093956382 1128550863 1061794070 -1105285221 -1088907745 1043698000 1065083458 -1129340994 1058470854 -1112155644 1062042534 1127587232 -1035943286 1131084257 -1092947990 -1095987549 -1084835154 1058558425 1058535223 -1089816991 1059993443 -1086647259 -1118152544 1127980803 -1016411434 -1050854515 -1097559739 1061053696 1058679572 -1091019074 1054553378 -1086115346 -1085067909 -1090294474 1047673220 -1016024440 -1021648816 1119450274 -1082871863 1050051822 992457376 1034774660 1049703524 -1082882111 -1097849438 -1083593959 -1097365432 -1027576729 -1014350275 -1031088520 1062249593 1047543241 -1090018619 -1103855595 1064873645 1042469125 1057836782 -1122746232 1062552556 1127332102 -1042249912 1131488043 -1099185130 1063685030 -1095266772 -1096909205 1049500072 1063834466 1063986618 1051414268 1045927952 1133223946 1120955517 1109650598 -1101855671 -1092402087 1063206891 1064932544 -1131916768 1046690658 -1112800786 1063607233 1054823173 -1036228384 1132739154 1124566119 -1086147292 1051591375 1057856923 1056387507 -1098115926 1062532877 1054752740 1063672114 1026833472 1122036821 1133217331 1074427248 1064028839 -1108627563 -1094813150 0 1064603887 -1097380243 1053254103 1049320645 1063338661 1123876424 1114925624 1132791561 1064028838 -1094338458 1028490163 0 -1107038253 -1082270273 1053254102 1063900037 -1108145360 1123876423 1133005027 -1049630806 1064028839 1050751780 1047178333 0 -1089034237 1062140318 1053254103 -1086414084 -1089813634 1123876424 -1018155543 -1020226478 1064028839 -1117710286 1053123338 0 -1082298330 -1106214461 1053254103 1040521603 -1083609453 1123876424 1114233730 -1014672674
