# Recording of the original client: floors, scene graph, static lights and environment of the 104x104 window around Lumbridge (3222,3222), default build preferences; projected by scene_golden::fingerprint.
# Format: name len fnv64 [samples] (recorded_golden.rs).
floor/L0/header 4 3d7d409bf9da4c7d 14896 8 2 42
floor/L0/heights 14896 18bb6be174aadee5 -995360768 -1027604480 -995360768 -1048576000 -994836480 -994574336 -999292928 -1002438656 -1001914368 -1021313024 -1000341504 0 -999292928 -1031798784 -999292928 -1001914368
floor/L0/stream 119168 f5d11ea0ddde86d7 1140850688 1163919360 0 1194065920 -1111694394 1188298752 -1011875840 -1082130432 1188560896 1190002688 0 1185808384 -1106680458 1176764416 -997195776 -1088100843
floor/L0/base_colours 14896 5964a4e3a3203541 -14402490 -14924221 -7965849 -14925242 -14990784 -14473690 -13153449 -14474202 -14792121 -14534334 -13552843 -15323082 -14402490 -7965849 -15122884 -15194321
floor/L0/batch_order 126 5721e26d5d40900d 1830 0 6031142 1742 0 8390350 1748 0 8390356 1749 0 8390357 1766 0 8390374 1785 0 8390393 1789 0 8390397 1803 0 8390411 1816 0 8390424 1819 0 8390427 1832 0 8390440 1844 0 8390452 1853 0 8390461 1861 0 8390469 1863 0 8390471 1885 0 8390493 2980 0 8391588 9001 0 8397609 1835 0 9176875 1842 0 9176882 1848 0 9176888 1853 0 9176893 1843 0 12584755 1789 0 16779005 2157 0 16779373 8566 0 16785782 8883 0 16786099 8885 0 16786101 9004 0 16786220 9005 0 16786221 9008 0 16786224 9009 0 16786225 9011 0 16786227 11093 0 16788309 7568 0 33562000 7569 0 33562001 7570 0 33562002 7575 0 33562007 8405 0 33562837 8537 0 33562969 8538 0 33562970 9001 0 33563433
floor/L0/batches 625968 c44e77ed16ca57a5 0 0 0 0 0 0 0 0 0 0 -7105645 0 0 -7105645 0 0
floor/L0/shadow_mask 693892 0c377773e09a288c 0 0 0 0 0 0 0 0 0 50529025 0 33751810 33686018 0 0 0
floor/L1/header 4 f1e608e3143db443 1120 8 2 4
floor/L1/heights 1120 aef1a1612bbeaaa5 -988413952 -988151808 -990642176 -990642176 -990642176 -990642176 -991690752 -990642176 -992477184 -1006632960 0 -988151808 -988151808 -988151808 -988151808 -996147200
floor/L1/stream 8960 c62c2901312dde52 1181220864 1184366592 0 1192624128 0 1170210816 -989724672 -1082138618 1190658048 1191313408 -1087433020 1193017344 1023393816 1191575552 -984350720 -1082130432
floor/L1/base_colours 1120 07d52bd735df3b45 -10854302 -13026242 -14932692 -14932692 -14932692 -14932692 -15130328 -14932692 -14932692 -16244696 -12559235 -13026242 -13026242 -13026242 -13026242 -15519939
floor/L1/batch_order 12 b3aa09306e59b0ad 1785 0 8390393 1789 0 8390397 1823 0 8390431 1852 0 8390460
floor/L1/batches 4512 de3844a8b7837199 -10854302 -13026242 0 0 0 0 0 -13020817 0 -15262172 0 0 0 0 0 -13026242
floor/L1/shadow_mask 693892 f33e2aa4cfe62868 0 0 0 0 0 0 0 0 0 16843008 0 16843009 16843009 0 0 0
floor/L2/header 4 f5fc87fedb9a5233 345 8 2 3
floor/L2/heights 345 ddd18a73e2f73c7f -984481792 -984088576 -984088576 -984088576 -986447872 -979894272 -984481792 -984088576 -984088576 -984088576 -986447872 -979894272 -984481792 -984088576 -984088576 -984088576
floor/L2/stream 2760 8833242a9c3dfb0c 1181220864 1187512320 -1082130432 0 -984088576 1188298752 1187250176 0 0 1190133760 1188298752 1193017344 0 -1101859735 1182793728 -984088576
floor/L2/base_colours 345 67ea49d9721f542e -12433592 -13026242 -13026242 -13026242 -11117474 -11702892 -13026242 -13749966 -13026242 -13026242 -12565434 -11702892 -13026242 -13026242 -13026242 -13026242
floor/L2/batch_order 9 225f4c25dddcc59f 1785 0 8390393 1823 0 8390431 1852 0 8390460
floor/L2/batches 1059 a6f291cf5901f056 -10854302 -13026242 -13026242 0 0 0 0 0 0 0 -11702892 -13026242 -13026242 0 0 0
floor/L2/shadow_mask 693892 42340a5f86968a85 0 0 0 0 0 0 0 0 0 0 0 16843009 0 0 0 0
floor/L3/header 4 260df344165ff7d6 95 8 2 2
floor/L3/heights 95 919ed5057fe29647 -979304448 -979435520 -979435520 -979632128 -980090880 -980221952 -979435520 -979501056 -979435520 -979304448 -980156416 -979369984 -980221952 -980615168 -981139456 -979501056 -980287488 -979501056 -980877312 -979369984 -979959808 -979501056 -980680704 -981336064 -981467136 -982122496 -983433216 -984612864 -981860352 -981598208 -983040000 -984219648 -981860352 -981467136 -982122496 -983695360 -981860352 -981401600 -981991424 -983433216 -981598208 -979304448 -983957504 -985006080 -980811776 -980811776 -980811776 -980811776 -980811776 -980811776 -980811776 -980811776 -980811776 -980811776 -980811776 -980811776 -980811776 -980811776 -980811776 -980811776 -980811776 -980811776 -980811776 -980811776 -980811776 -980811776 -980811776 -980811776 -980811776 -980811776 -980811776 -980811776 -980811776 -980811776 -980811776 -980811776 -980811776 -980811776 -980811776 -980811776 -980811776 -980811776 -980811776 -980811776 -980811776 -980811776 -980811776 -976879616 0 -976879616 0 -976879616 0 -976879616 0
floor/L3/stream 760 596ab5907550d6c6 1140850688 1044166178 1184104448 1166016512 1041087264 -980811776 -1082130432 1187774464 0 1140850688 1153433600 1184104448 -981467136 1041087264 1188036608 -1082130432
floor/L3/base_colours 95 3e049777d3d8a77d -15519939 -15519939 -15519939 -15519939 -15519939 -15519939 -15519939 -15519939 -15519939 -15519939 -15519939 -15519939 -15519939 -15519939 -15519939 -15519939 -15519939 -15519939 -15519939 -15519939 -15519939 -15519939 -15519939 -15519939 -15519939 -15519939 -15519939 -15519939 -15519939 -15519939 -15519939 -15519939 -15519939 -15519939 -15519939 -15519939 -15519939 -15519939 -15519939 -15519939 -15519939 -15519939 -15519939 -15519939 -13026242 -13026242 -13026242 -13026242 -13026242 -13026242 -13026242 -13026242 -13026242 -13026242 -13026242 -13026242 -13026242 -13026242 -13026242 -13026242 -13026242 -13026242 -13026242 -13026242 -13026242 -13026242 -13026242 -13026242 -13026242 -13026242 -13026242 -13026242 -13026242 -13026242 -13026242 -13026242 -13026242 -13026242 -13026242 -13026242 -13026242 -13026242 -13026242 -13026242 -13026242 -13026242 -13026242 -11702892 -11702892 -11702892 -11702892 -11702892 -11702892 -11702892 -11702892
floor/L3/batch_order 6 26a4e022abf48f25 1785 0 8390393 1852 0 8390460
floor/L3/batches 206 8a1bca82dfb3d743 1140850688 0 0 0 0 0 0 0 0 0 0 0 0 0 0 0 0 0 0 0 0 0 0 0 0 0 0 0 0 0 0 0 0 0 0 0 0 0 0 0 0 0 0 0 0 0 0 0 0 0 0 0 -13026242 -13026242 -13026242 -13026242 -13026242 -13026242 -13026242 -13026242 -13026242 -13026242 -13026242 -13026242 -13026242 -13026242 -13026242 -13026242 -13026242 -13026242 -13026242 -13026242 -13026242 -13026242 -13026242 -13026242 -13026242 -13026242 -13026242 -13026242 -13026242 -13026242 -13026242 -13026242 -13026242 -13026242 -13026242 -13026242 -13026242 -13026242 -13026242 -13026242 -13026242 -13026242 -13026242 0 0 0 0 0 0 0 0 1140850688 0 0 0 0 0 0 0 0 0 0 0 0 0 0 0 0 0 0 0 0 0 0 0 0 0 0 0 0 0 0 0 0 0 0 0 0 0 0 0 0 0 0 0 0 0 0 0 0 0 0 0 0 0 0 0 0 0 0 0 0 0 0 0 0 0 0 0 0 0 0 0 0 0 0 0 0 0 0 0 0 0 0 0 0 0 0 0 0 0 0 0 0 0 0 -11702892 -11702892 -11702892 -11702892 -11702892 -11702892 -11702892 -11702892
floor/L3/shadow_mask 693892 7797131951c6e6ca 0 0 0 0 0 0 0 0 0 0 0 0 0 0 0 0
scene/header 4 5382ad6044781b9e 4 104 104 5249
scene/tiles 43264 4a8f178af9443bb6 0 0 0 0 255 255 255 255 255 255 255 255 255 255 255 255
scene/layer_counts 32 69a3236057254612 1016 39 232 0 1359 980 0 0 602 13 123 0 167 322 0 0 164 6 11 0 58 70 0 0 57 2 2 0 4 22 0 0
scene/records/L0 15801553 6995b93d334eb7d2 4352 1057882112 1141440512 -1086953892 102 1130889216 -1005387776 1152622592 -1003552768 -1006632960 696 1058651316 1129840640 -1049624576 -1096718719 -248
scene/records/L1 4439699 61bfb4be9da70998 24320 2037 -1031798784 -9932686 0 -1003225088 -1092030156 1060343812 0 -768 27 1078485689 543 1062085903 1047531761 -13680309
scene/records/L2 984076 4a3074726dcc194c 43776 -1021050880 -1001521152 1029149752 -61 91 807 6 1034352692 0 0 82 14 -988594176 0 8
scene/records/L3 70008 a221cdfe203a5c6a 18176 -1014792192 0 0 43 0 1127940096 -1003028480 1060439283 0 0 0 256 1047540490 763 1
scene/single_locs 112 d2f41011dbf047ba 114 0 44 47 5 10 2 241 0 78 12 5 10 1 244 0 88 12 5 10 3 854 0 64 86 4 22 0 1283 0 98 76 5 10 0 1298 0 66 8 5 10 0 1383 0 80 65 5 10 0 1392 0 88 54 5 10 0 1873 0 35 39 2 5 2 2406 0 33 1 0 0 2 2733 0 47 75 4 22 3 2736 0 65 35 4 22 0 2742 0 59 88 4 22 0 2743 0 61 86 4 22 1 2745 0 81 30 4 22 0 2752 0 78 39 4 22 0
lights/L0 1771 e93b6af2e4308e4f 41029 46276 327683 3801154 1212547072 1346764800 1279655936 3604523 0 1376274 1114132 54984704 255 57413 327686 4259898
lights/L1 244 faaa1aea02490ecb 972 1279874097 15 28 30 52 54 8 21 26694 5829 53318 255 28742 5829 53318 255 26694 5829 54342 255 28742 5829 54342 255 30790 5829 53318 255 30790 5829 54342 255 28742 5829 55366 255 30790 5829 55366 255 1 131073 196610 65540 196612 327683 196614 131075 327686 327687 393216 1835008 1966080 3080192 3211264 524288 1376256 1883635712 382009344 -1002045440 16711680 1749417984 382009344 -1002045440 16711680 1883635712 382009344 -1069154304 16711680 2017853440 382009344 -1069154304 16711680 2017853440 382009344 -1002045440 16711680 1749417984 382009344 -934936576 16711680 1883635712 382009344 -934936576 16711680 2017853440 382009344 -934936576 16711680 65538 131075 3 262144 65536 327680 393221 4 393220 458758 46 48 71 73 0 0 61 63 47 49 0 0 61 63 43 45 0 0 58 60 43 45 0 0 58 60 47 49 0 0 58 60 56 58 0 0 61 63 56 58 0 0 61 63 52 54 0 0 58 60 52 54 0 0 31 33 47 49 0 0 31 33 52 54 0 0 50 52 74 76 0 0 82 84 61 63 12 36 9287 61636 63558 255 9799 61636 63558 255 9287 61636 64582 255 9799 61636 64582 255 10311 61636 63558 255 10311 61636 64582 255 10823 61636 63558 255 10823 61636 64582 255 9287 61636 71 255 9799 61636 71 255 10311 61636 71 255 10823 61636 71 255 1 131073 196610 65540 196612 327683 262150 327686 458757 131075 524291 589832 196613 589829 655369 327687 655367 720906
lights/L2 3 b73b293be0fc5636 8 1279874097 0
lights/L3 3 b73b293be0fc5636 8 1279874097 0
env 8284 a53a4d0357963bd1 2356 -742416833 1065353216 1455964032 53 2356 2013265983 0 65535 117442304 0 0 0 0 0 0
