# Camera corpus of the scene draw recording: yaw/pitch, viewport, roofs and occlusion mode per frame.
18 26624 -4500 22528 0 1500 1001 701 0 0 1001 701 200 14844 -1 1 1 0 0
0 26624 -4500 22528 0 1500 1001 701 0 0 1001 701 200 14844 -1 1 1 0 1
1 22528 -4500 26624 4096 1500 1001 701 0 0 1001 701 200 14844 -1 1 1 0 1
2 26624 -4500 30720 8192 1500 1001 701 0 0 1001 701 200 14844 -1 1 1 0 1
3 30720 -4500 26624 12288 1500 1001 701 0 0 1001 701 200 14844 -1 1 1 0 1
4 26624 -4500 22528 1733 2787 1001 701 17 23 811 577 200 14844 1 1 1 0 1
5 1024 -2500 1024 8192 1077 1001 701 17 23 811 577 200 14844 127 1 1 0 1
6 51712 -2500 51712 0 1077 1001 701 17 23 811 577 200 14844 128 2 1 0 1
7 26624 -4500 22528 0 1500 1001 701 0 0 1001 701 200 14844 255 1 1 0 1
8 26624 -4500 22528 0 1500 1001 701 0 0 1001 701 200 14844 0 1 1 0 1
9 26624 -4500 22528 0 1500 1001 701 0 0 1001 701 200 14844 -1 1 0 0 1
10 26624 -4500 22528 0 1500 1001 701 0 0 1001 701 200 14844 1 1 1 1 1
11 26624 -4500 22528 0 1500 1001 701 0 0 1001 701 200 14844 1 1 1 2 1
12 26624 -4500 22528 0 1500 1001 701 0 0 1001 701 200 14844 1 1 1 3 1
13 26624 -4500 22528 0 1500 1001 701 0 0 1001 701 200 14844 -1 1 1 0 1
14 26624 -4500 22528 0 1500 1001 701 0 0 1001 701 200 14844 -1 0 1 0 2
15 26624 -4500 22528 0 1500 1001 701 0 0 1001 701 200 14844 -1 0 1 0 0
16 26624 -4500 22528 0 1500 1001 701 0 0 1001 701 200 14844 -1 0 1 0 1
17 26624 -4500 22528 0 1500 803 603 0 0 803 603 200 14844 -1 0 1 0 1
19 32768 -9000 27648 0 2200 1001 701 0 0 1001 701 200 14844 -1 1 1 0 1
20 35840 -10000 10240 8192 1800 1001 701 0 0 1001 701 200 14844 -1 1 1 0 1
