2048
2071
2094
2118
2144
2168
2194
2220
2248
2274
2300
2327
2353
2379
2403
2427
2454
2476
2497
2517
2536
2559
2576
2592
2612
2626
2645
2659
2676
2690
2706
2722
2738
2749
2763
2776
2787
2798
2807
2816
2824
2831
2840
2847
2854
2863
2871
2880
2890
2898
2909
2919
2931
2944
2955
2968
2981
2995
3007
3019
3031
3042
3054
3064
3075
3083
3092
3099
3105
3112
3115
3118
3119
3118
3117
3115
3112
3107
3101
3096
3090
3082
3075
3069
3063
3056
3051
3046
3041
3038
3035
3034
3033
3034
3034
3037
3039
3041
3044
3048
3053
3058
3064
3070
3077
3084
3091
3097
3103
3108
3112
3116
3120
3122
3123
3123
3122
3120
3118
3114
3110
3106
3101
3097
3091
3086
3081
3076
3072
3065
3060
3053
3045
3038
3029
3019
3007
2997
2986
2974
2961
2948
2937
2925
2911
2901
2889
2878
2866
2855
2844
2832
2820
2808
2796
2783
2770
2755
2741
2724
2709
2693
2677
2662
2643
2627
2608
2591
2571
2552
2531
2512
2492
2473
2453
2433
2414
2396
2378
2362
2346
2332
2318
2306
2295
2286
2278
2272
2266
2263
2260
2258
2256
2255
2254
2254
2255
2256
2259
2262
2266
2270
2274
2279
2282
2287
2289
2292
2294
2295
2295
2296
2293
2293
2290
2286
2282
2278
2274
2269
2264
2261
2254
2250
2244
2238
2233
2227
2220
2214
2209
2204
2199
2194
2190
2186
2181
2177
2173
2170
2166
2162
2158
2153
2147
2142
2136
2130
2123
2115
2107
2098
2089
2079
2068
2057
2048
2036
2025
2014
2002
1990
1977
1964
1948
1935
1922
1907
1894
1880
1868
1857
1840
1831
1822
1813
1806
1794
1789
1783
1774
1769
1761
1757
1750
1745
1738
1730
1723
1719
1713
1708
1702
1699
1695
1693
1689
1687
1682
1679
1676
1671
1664
1658
1649
1642
1632
1622
1610
1597
1584
1570
1554
1538
1523
1507
1492
1476
1460
1444
1430
1414
1399
1384
1368
1352
1336
1317
1299
1284
1266
1249
1230
1216
1201
1185
1169
1158
1146
1133
1122
1112
1102
1093
1084
1076
1068
1060
1051
1042
1035
1026
1019
1012
1005
999
993
990
987
984
982
982
981
981
980
981
981
981
981
981
981
981
981
982
983
984
985
987
990
993
998
1004
1009
1017
1024
1030
1038
1046
1054
1061
1069
1078
1088
1097
1108
1120
1134
1148
1163
1179
1198
1216
1236
1257
1279
1302
1325
1348
1373
1396
1420
1442
1465
1486
1508
1528
1549
1567
1586
1604
1623
1641
1659
1677
1694
1710
1726
1740
1753
1765
1777
1787
1796
1803
1809
1814
1818
1822
1824
1826
1827
1828
1830
1831
1832
1833
1835
1837
1839
1839
1840
1841
1844
1845
1848
1852
1857
1861
1868
1873
1882
1888
1897
1906
1917
1924
1933
1942
1951
1959
1968
1975
1982
1988
1994
1998
2002
2005
2008
2010
2014
2014
2016
2016
2017
2017
2016
2015
2014
2013
2011
2009
2009
2008
2008
2008
2009
2011
2012
2014
2018
2020
2023
2027
2031
2035
2037
2040
2042
2043
2044
2046
2048
2048
2048
2048
2046
2046
2043
2039
2033
2028
2021
2013
2004
1994
1985
1975
1960
1950
1940
1931
1922
1908
1901
1894
1883
1879
1871
1870
1864
1865
1862
1860
1860
1863
1864
1865
1866
1868
1869
1871
1871
1873
1870
1871
1873
1870
1872
1870
1869
1872
1872
1872
1874
1875
1878
1882
1886
1888
1895
1900
1908
1914
1922
1930
1938
1947
1956
1967
1979
1988
2002
2012
2025
2041
2053
2066
2076
2089
2101
2110
2119
2129
2137
2144
2149
2156
2158
2162
2164
2165
2169
2170
2167
2170
2170
2169
2168
2169
2168
2166
2162
2161
2161
2158
2156
2154
2153
2152
2150
2150
2148
2147
2144
2142
2140
2137
2133
2131
2125
2120
2116
2108
2102
2093
2085
2077
2067
2057
2048
2037
2029
2021
2011
2002
1994
1987
1977
1972
1966
1959
1953
1946
1942
1937
1928
1925
1918
1913
1906
1899
1894
1885
1876
1868
1860
1851
1841
1831
1821
1809
1799
1791
1783
1776
1768
1762
1757
1752
1750
1749
1748
1749
1750
1754
1754
1757
1759
1764
1766
1771
1772
1774
1776
1775
1776
1775
1773
1769
1767
1764
1758
1752
1748
1743
1739
1736
1732
1730
1731
1731
1731
1735
1739
1745
1750
1758
1764
1773
1780
1790
1799
1808
1815
1824
1832
1839
1845
1851
1856
1860
1863
1866
1866
1867
1868
1869
1870
1870
1869
1868
1866
1865
1863
1862
1861
1860
1859
1860
1862
1866
1868
1874
1881
1888
1896
1907
1917
1929
1941
1954
1967
1980
1995
2008
2022
2035
2048
2060
2074
2088
2101
2115
2129
2143
2158
2171
2184
2198
2210
2223
2233
2243
2257
2265
2273
2281
2287
2299
2305
2311
2321
2327
2339
2347
2358
2367
2381
2395
2411
2422
2438
2455
2473
2491
2511
2531
2554
2576
2601
2625
2650
2677
2702
2730
2758
2782
2808
2834
2859
2884
2907
2928
2950
2970
2988
3005
3020
3035
3049
3062
3075
3085
3096
3106
3116
3125
3133
3142
3150
3157
3165
3173
3184
3192
3200
3211
3222
3232
3243
3254
3266
3278
3290
3301
3312
3322
3332
3339
3348
3354
3359
3363
3367
3368
3369
3369
3367
3365
3360
3355
3348
3339
3330
3319
3307
3294
3281
3267
3252
3238
3223
3208
3194
3180
3166
3154
3141
3131
3120
3111
3102
3093
3086
3079
3072
3063
3055
3046
3038
3028
3018
3007
2998
2985
2972
2962
2950
2938
2926
2914
2904
2892
2882
2873
2864
2856
2849
2844
2839
2835
2832
2832
2830
2831
2831
2833
2837
2838
2839
2842
2846
2848
2852
2854
2859
2861
2863
2865
2865
2864
2864
2860
2856
2850
2844
2836
2826
2816
2804
2791
2779
2765
2751
2737
2721
2708
2692
2679
2666
2650
2637
2623
2609
2596
2583
2571
2559
2547
2537
2526
2516
2506
2495
2486
2477
2467
2456
2447
2436
2426
2414
2402
2391
2378
2366
2353
2339
2326
2312
2297
2284
2270
2257
2244
2231
2218
2205
2192
2181
2167
2156
2146
2136
2127
2118
2111
2104
2098
2094
2090
2087
2083
2081
2079
2077
2074
2072
2069
2065
2061
2057
2051
2048
2042
2037
2032
2027
2023
2018
2012
2005
2000
1993
1984
1973
1963
1950
1936
1916
1900
1882
1862
1840
1815
1791
1767
1738
1713
1684
1659
1630
1604
1576
1547
1520
1494
1468
1442
1415
1391
1367
1346
1323
1304
1283
1265
1249
1232
1218
1203
1189
1179
1166
1154
1143
1132
1122
1111
1102
1090
1081
1070
1060
1050
1040
1029
1020
1010
1001
993
983
974
965
954
945
937
928
920
911
905
899
893
887
885
882
880
879
879
879
880
881
882
884
885
886
887
889
890
891
893
894
895
895
897
898
898
897
897
895
895
894
894
893
892
893
893
894
896
900
903
909
915
923
931
941
952
964
978
992
1008
1024
1039
1054
1070
1086
1100
1116
1131
1147
1161
1175
1190
1205
1220
1233
1247
1263
1277
1293
1308
1324
1341
1357
1375
1393
1411
1430
1449
1468
1488
1508
1529
1549
1567
1585
1603
1619
1635
1649
1662
1674
1684
1693
1702
1708
1714
1721
1726
1731
1735
1739
1742
1747
1752
1757
1763
1769
1776
1783
1792
1800
1809
1819
1829
1839
1847
1856
1865
1876
1884
1894
1905
1915
1925
1935
1943
1953
1960
1967
1974
1982
1985
1989
1993
1996
1998
2000
2002
2002
2003
2004
2005
2006
2007
2008
2011
2014
2014
2016
2016
2017
2017
2016
2015
2014
2013
2011
2009
2009
2008
2008
2008
2009
2011
2012
2014
2018
2020
2023
2027
2031
2035
2037
2040
2042
2043
2044
2046
2048
2048
2048
2049
2051
2053
2056
2060
2062
2066
2070
2072
2075
2076
2078
2080
2076
2076
2076
2075
2073
2066
2065
2062
2054
2052
2045
2044
2038
2037
2032
2027
2024
2023
2019
2015
2011
2006
2001
1996
1991
1986
1977
1973
1970
1962
1960
1955
1950
1951
1949
1946
1945
1945
1945
1945
1947
1944
1946
1944
1945
1943
1941
1939
1938
1937
1935
1935
1934
1931
1931
1927
1924
1924
1921
1919
1915
1913
1912
1909
1907
1908
1908
1909
1911
1914
1917
1923
1927
1934
1943
1952
1959
1971
1983
1993
2005
2018
2030
2042
2053
2065
2079
2090
2102
2113
2123
2133
2140
2148
2153
2157
2158
2159
2159
2156
2152
2149
2141
2134
2127
2117
2107
2098
2087
2078
2067
2057
2048
2037
2028
2019
2009
1997
1987
1979
1970
1961
1953
1947
1944
1939
1937
1936
1936
1939
1944
1949
1956
1964
1974
1983
1994
2006
2018
2031
2043
2054
2067
2078
2091
2103
2114
2126
2136
2145
2154
2161
2169
2174
2179
2183
2185
2188
2189
2188
2187
2187
2186
2184
2181
2179
2176
2173
2172
2169
2167
2165
2162
2162
2160
2158
2157
2155
2154
2153
2150
2149
2148
2145
2142
2139
2135
2132
2125
2120
2111
2103
2093
2084
2072
2061
2047
2035
2021
2008
1994
1981
1968
1957
1944
1935
1924
1916
1908
1901
1895
1890
1886
1884
1882
1882
1885
1887
1892
1898
1903
1912
1919
1928
1938
1948
1957
1968
1977
1986
1995
2004
2012
2018
2025
2030
2035
2039
2042
2045
2048
2050
2052
2054
2057
2059
2061
2063
2064
2067
2070
2072
2076
2079
2084
2090
2100
2107
2115
2123
2132
2145
2155
2164
2176
2186
2198
2205
2216
2221
2230
2237
2244
2247
2253
2258
2263
2268
2272
2277
2280
2284
2289
2291
2291
2294
2294
2294
2293
2290
2288
2285
2281
2278
2273
2268
2264
2261
2258
2256
2253
2253
2253
2254
2256
2256
2258
2260
2261
2264
2266
2270
2274
2277
2283
2290
2301
2309
2319
2333
2348
2363
2380
2399
2420
2440
2464
2487
2511
2536
2560
2584
2610
2635
2659
2684
2709
2732
2755
2777
2800
2821
2841
2860
2878
2894
2909
2923
2936
2947
2958
2967
2977
2984
2992
2998
3005
3010
3016
3021
3027
3032
3037
3043
3048
3053
3059
3065
3072
3076
3081
3086
3091
3096
3101
3105
3111
3114
3116
3120
3121
3123
3122
3121
3119
3116
3112
3108
3102
3097
3090
3084
3077
3070
3064
3059
3053
3049
3045
3041
3040
3036
3035
3034
3033
3034
3036
3038
3042
3046
3051
3056
3063
3070
3076
3083
3090
3096
3102
3108
3112
3116
3118
3119
3120
3118
3116
3111
3106
3100
3092
3083
3075
3065
3055
3045
3035
3025
3015
3004
2994
2984
2974
2964
2952
2942
2930
2918
2905
2892
2878
2863
2846
2831
2812
2792
2772
2751
2729
2705
2680
2655
2629
2602
2575
2548
2522
2497
2470
2446
2422
2400
2378
2358
2339
2321
2303
2288
2272
2258
2244
2231
2218
2207
2194
2183
2171
2160
2148
2136
2125
2112
2100
2087
2074
2061
2048
2034
2021
2008
1995
1983
1971
1959
1950
1940
1929
1921
1911
1904
1895
1885
1874
1864
1855
1846
1835
1822
1809
1797
1783
1768
1751
1737
1718
1703
1684
1665
1647
1630
1612
1595
1578
1563
1550
1537
1526
1515
1505
1497
1491
1483
1480
1474
1471
1469
1466
1463
1461
1459
1458
1456
1456
1451
1451
1447
1444
1441
1437
1433
1430
1425
1421
1418
1417
1414
1414
1413
1416
1418
1422
1424
1428
1433
1438
1443
1449
1454
1458
1463
1466
1470
1471
1472
1472
1469
1467
1462
1456
1449
1441
1431
1422
1410
1399
1386
1372
1357
1342
1326
1309
1291
1273
1256
1239
1222
1206
1190
1175
1161
1148
1135
1124
1113
1103
1094
1085
1077
1069
1060
1053
1045
1037
1030
1024
1016
1008
1002
997
992
988
985
981
979
977
973
971
968
964
961
958
953
949
944
939
933
928
923
916
912
907
903
899
896
893
892
891
889
889
888
890
891
893
896
900
905
911
916
923
929
937
945
953
960
968
974
981
987
993
998
1003
1006
1010
1012
1014
1015
1016
1017
1020
1020
1022
1024
1025
1028
1029
1030
1032
1034
1037
1039
1045
1049
1056
1063
1073
1082
1093
1106
1121
1135
1152
1170
1189
1207
1227
1247
1268
1288
1310
1332
1355
1377
1400
1423
1446
1470
1493
1515
1537
1559
1580
1601
1623
1643
1663
1682
1704
1722
1742
1762
1783
1802
1823
1843
1865
1886
1908
1930
1952
1975
1999
2023
