128,96,0|[0, 0, 256, 256]|params=1065353216,1048576000,1065353216,0|scale=0,0,1073741824,1076538027|vertices=3212836864,1065353216,0,0,3212836864,3239750315,0,1073741824,1088421888,1065353216,1073741824,0
128,96,1|[0, 0, 256, 256]|params=1065353216,1048576000,1065353216,0|sample=1006632960,0|scale=0,0,1073741824,1076538027|vertices=3212836864,1065353216,0,0,3212836864,3239750315,0,1084926635,1088421888,1065353216,1082130432,0
128,96,2|[0, 0, 256, 256]|params=1065353216,1048576000,1065353216,0|sample=0,1009429163|scale=0,0,1073741824,1076538027|vertices=3212836864,1065353216,0,0,3212836864,3239750315,0,1084926635,1088421888,1065353216,1082130432,0
128,96,3|[0, 0, 128, 96]|params=1065353216,1048576000,1065353216,0|scale=0,0,1073741824,1076538027|vertices=3212836864,1065353216,0,0,3212836864,3225419776,0,1073741824,1077936128,1065353216,1073741824,0
256,256,0|[0, 0, 256, 256]|params=1065353216,1048576000,1065353216,0|scale=0,0,1065353216,1065353216|vertices=3212836864,1065353216,0,0,3212836864,3225419776,0,1073741824,1077936128,1065353216,1073741824,0
256,256,1|[0, 0, 256, 256]|params=1065353216,1048576000,1065353216,0|sample=998244352,0|scale=0,0,1065353216,1065353216|vertices=3212836864,1065353216,0,0,3212836864,3225419776,0,1073741824,1077936128,1065353216,1073741824,0
256,256,2|[0, 0, 256, 256]|params=1065353216,1048576000,1065353216,0|sample=0,998244352|scale=0,0,1065353216,1065353216|vertices=3212836864,1065353216,0,0,3212836864,3225419776,0,1073741824,1077936128,1065353216,1073741824,0
256,256,3|[0, 0, 256, 256]|params=1065353216,1048576000,1065353216,0|scale=0,0,1065353216,1065353216|vertices=3212836864,1065353216,0,0,3212836864,3225419776,0,1073741824,1077936128,1065353216,1073741824,0
320,288,0|[0, 0, 256, 256]|params=1065353216,1048576000,1065353216,0|scale=0,0,1061997773,1063489081|vertices=3212836864,1065353216,0,0,3212836864,3223555641,0,1073741824,1074580685,1065353216,1073741824,0
320,288,1|[0, 0, 256, 256]|params=1065353216,1048576000,1065353216,0|sample=994888909,0|scale=0,0,1061997773,1063489081|vertices=3212836864,1065353216,0,0,3212836864,3223555641,0,1071877689,1074580685,1065353216,1070386381,0
320,288,2|[0, 0, 256, 256]|params=1065353216,1048576000,1065353216,0|sample=0,996380217|scale=0,0,1061997773,1063489081|vertices=3212836864,1065353216,0,0,3212836864,3223555641,0,1071877689,1074580685,1065353216,1070386381,0
320,288,3|[0, 0, 320, 288]|params=1065353216,1048576000,1065353216,0|scale=0,0,1061997773,1063489081|vertices=3212836864,1065353216,0,0,3212836864,3225419776,0,1073741824,1077936128,1065353216,1073741824,0
765,553,0|[0, 0, 256, 256]|params=1065353216,1048576000,1065353216,0|scale=0,0,1051416065,1055720728|vertices=3212836864,1065353216,0,0,3212836864,3210349104,0,1073741824,1051547652,1065353216,1073741824,0
765,553,1|[0, 0, 256, 256]|params=1065353216,1048576000,1065353216,0|sample=984307201,0|scale=0,0,1051416065,1055720728|vertices=3212836864,1065353216,0,0,3212836864,3210349104,0,1064109336,1051547652,1065353216,1059804673,0
765,553,2|[0, 0, 256, 256]|params=1065353216,1048576000,1065353216,0|sample=0,988611864|scale=0,0,1051416065,1055720728|vertices=3212836864,1065353216,0,0,3212836864,3210349104,0,1064109336,1051547652,1065353216,1059804673,0
765,553,3|[0, 0, 765, 553]|params=1065353216,1048576000,1065353216,0|scale=0,0,1051416065,1055720728|vertices=3212836864,1065353216,0,0,3212836864,3225419776,0,1073741824,1077936128,1065353216,1073741824,0
1280,720,0|[0, 0, 256, 256]|params=1065353216,1048576000,1065353216,0|scale=0,0,1045220557,1052117857|vertices=3212836864,1065353216,0,0,3212836864,3201838468,0,1073741824,3192704204,1065353216,1073741824,0
1280,720,1|[0, 0, 256, 256]|params=1065353216,1048576000,1065353216,0|sample=978111693,0|scale=0,0,1045220557,1052117857|vertices=3212836864,1065353216,0,0,3212836864,3201838468,0,1060506465,3192704204,1065353216,1053609165,0
1280,720,2|[0, 0, 256, 256]|params=1065353216,1048576000,1065353216,0|sample=0,985008993|scale=0,0,1045220557,1052117857|vertices=3212836864,1065353216,0,0,3212836864,3201838468,0,1060506465,3192704204,1065353216,1053609165,0
1280,720,3|[0, 0, 1280, 720]|params=1065353216,1048576000,1065353216,0|scale=0,0,1045220557,1052117857|vertices=3212836864,1065353216,0,0,3212836864,3225419776,0,1073741824,1077936128,1065353216,1073741824,0
1920,1080,0|[0, 0, 256, 256]|params=1065353216,1048576000,1065353216,0|scale=0,0,1040746633,1047706070|vertices=3212836864,1065353216,0,0,3212836864,1028940448,0,1073741824,3203329774,1065353216,1073741824,0
1920,1080,1|[0, 0, 256, 256]|params=1065353216,1048576000,1065353216,0|sample=973637769,0|scale=0,0,1040746633,1047706070|vertices=3212836864,1065353216,0,0,3212836864,1028940448,0,1056094678,3203329774,1065353216,1049135241,0
1920,1080,2|[0, 0, 256, 256]|params=1065353216,1048576000,1065353216,0|sample=0,980597206|scale=0,0,1040746633,1047706070|vertices=3212836864,1065353216,0,0,3212836864,1028940448,0,1056094678,3203329774,1065353216,1049135241,0
1920,1080,3|[0, 0, 1920, 1080]|params=1065353216,1048576000,1065353216,0|scale=0,0,1040746633,1047706070|vertices=3212836864,1065353216,0,0,3212836864,3225419776,0,1073741824,1077936128,1065353216,1073741824,0
